server;arrival;start;end;client;class;estimated_proc_time;real_proc_time
0;0;0.0;2.0;1;5;1.0;2.0
1;0;0.0;14.0;2;5;14.0;14.0
2;0;0.0;15.0;3;5;15.0;15.0
3;0;0.0;10.0;4;8;10.0;10.0
8;2;2.0;31.0;6;15;29.0;29.0
9;2;2.0;20.0;5;11;18.0;18.0
11;4;4.0;13.0;7;0;10.0;9.0
12;5;5.0;30.0;10;14;25.0;25.0
15;5;5.0;8.0;9;24;4.0;3.0
16;5;5.0;28.0;8;5;24.0;23.0
17;5;5.0;38.0;11;18;29.0;33.0
18;8;8.0;12.0;12;8;2.0;4.0
4;8;8.0;27.0;18;2;20.0;19.0
0;8;8.0;11.0;15;15;3.0;3.0
15;8;8.0;9.0;14;26;1.0;1.0
15;9;9.0;30.0;20;23;22.0;21.0
3;10;10.0;30.0;25;4;19.0;20.0
0;10;11.0;25.0;26;10;14.0;14.0
18;12;12.0;38.0;30;20;26.0;26.0
11;10;13.0;17.0;23;20;2.0;4.0
7;10;13.936474395176534;41.93647439517653;24;28;28.0;28.0
1;8;14.0;31.0;16;6;16.0;17.0
13;12;14.145876807190074;15.145876807190074;31;17;1.0;1.0
6;10;14.522881470252779;42.52288147025278;22;11;27.0;28.0
2;15;15.0;23.0;33;0;8.0;8.0
13;15;15.145876807190074;32.14587680719008;32;14;17.0;17.000000000000004
19;12;15.981267875504962;30.98126787550496;27;7;14.0;15.0
11;17;17.0;34.0;35;18;15.0;17.0
5;17;17.474852472985447;21.474852472985447;36;12;5.0;4.0
9;20;20.0;29.0;40;21;9.0;9.0
14;17;20.688887882317573;28.688887882317573;38;15;8.0;8.0
10;19;20.95847690921278;36.95847690921278;39;3;11.0;15.999999999999996
5;8;21.474852472985447;27.474852472985447;17;25;5.0;6.0
2;22;23.0;32.0;42;2;7.0;9.0
0;25;25.0;37.0;44;18;12.0;12.0
4;22;27.0;48.0;41;22;21.0;21.0
5;22;27.474852472985447;35.47485247298545;43;24;8.0;8.0
16;27;28.0;53.0;47;11;27.0;25.0
14;9;28.688887882317573;29.688887882317573;21;13;1.0;1.0
9;29;29.0;54.0;48;2;26.0;25.0
14;9;29.688887882317573;47.68888788231757;19;25;18.0;18.0
15;30;30.0;55.0;50;17;25.0;25.0
3;30;30.0;31.0;51;10;1.0;1.0
19;8;30.98126787550496;34.98126787550496;13;19;4.0;4.0
8;31;31.0;40.0;52;18;9.0;9.0
1;31;31.0;42.0;54;15;10.0;11.0
3;17;31.0;39.0;37;19;8.0;8.0
2;31;32.0;55.0;53;7;23.0;23.0
13;25;32.14587680719008;44.14587680719008;46;21;12.0;12.0
11;33;34.0;56.0;56;19;23.0;22.0
19;33;34.98126787550496;47.98126787550496;55;28;13.0;13.0
5;35;35.47485247298545;62.47485247298545;58;13;26.0;27.0
10;36;36.95847690921278;50.95847690921278;60;20;14.0;14.0
0;35;37.0;41.0;57;3;5.0;4.0
18;38;38.0;41.0;61;1;3.0;3.0
17;38;38.0;55.0;64;20;18.0;17.0
3;38;39.0;65.0;62;5;26.0;26.0
8;40;40.0;52.0;68;14;10.0;12.0
18;41;41.0;65.0;72;20;26.0;24.0
0;40;41.0;52.0;71;23;11.0;11.0
7;40;41.93647439517653;68.93647439517653;69;14;28.0;27.0
1;42;42.0;58.0;73;23;16.0;16.0
6;40;42.52288147025278;51.52288147025278;70;28;9.0;9.0
13;42;44.14587680719008;48.14587680719008;74;24;5.0;4.0
14;47;47.68888788231757;60.68888788231757;88;3;14.0;13.0
19;46;47.98126787550496;62.98126787550496;83;0;15.0;15.0
13;47;48.14587680719008;61.14587680719008;86;3;16.0;13.0
12;46;49.68841477936392;69.68841477936391;81;25;23.0;19.999999999999993
10;46;50.95847690921278;62.95847690921278;84;3;11.0;12.0
6;48;51.52288147025278;56.52288147025278;93;5;5.0;5.0
8;48;52.0;76.0;92;12;23.0;24.0
16;53;53.0;67.0;106;4;16.0;14.0
9;52;54.0;71.0;100;24;18.0;17.0
17;55;55.0;65.0;108;17;9.0;10.0
15;55;55.0;76.0;110;23;22.0;21.0
2;48;55.0;61.0;89;21;7.0;6.0
6;53;56.52288147025278;59.52288147025278;105;20;3.0;3.0
1;49;58.0;70.0;98;18;14.0;12.0
6;53;59.52288147025278;80.52288147025277;103;18;21.0;20.999999999999993
14;46;60.68888788231757;81.68888788231757;85;4;21.0;21.0
2;53;61.0;68.0;102;4;7.0;7.0
13;48;61.14587680719008;73.14587680719008;91;10;12.0;12.0
5;53;62.47485247298545;88.47485247298545;104;0;26.0;26.0
10;46;62.95847690921278;66.95847690921278;80;22;4.0;4.0
19;51;62.98126787550496;74.98126787550495;99;14;12.0;11.999999999999993
18;63;65.0;77.0;119;25;12.0;12.0
17;63;65.0;94.0;122;18;29.0;29.0
3;63;65.0;75.0;123;19;8.0;10.0
10;66;66.95847690921278;67.95847690921278;127;10;1.0;1.0
0;63;67.39181817666635;90.39181817666635;117;0;22.0;23.0
10;66;67.95847690921278;85.95847690921278;126;0;18.0;18.0
2;68;68.0;82.0;134;6;18.0;14.0
7;63;68.93647439517653;86.93647439517653;114;29;17.0;18.0
12;63;69.68841477936391;75.68841477936391;125;20;7.0;6.0
1;70;70.0;75.0;135;4;7.0;5.0
9;68;71.0;89.0;133;20;16.0;18.0
13;67;73.14587680719008;99.14587680719008;129;9;26.0;26.0
19;74;74.98126787550495;97.98126787550495;140;9;24.0;23.0
1;74;75.0;98.0;142;13;26.0;23.0
3;74;75.0;100.0;139;14;26.0;25.0
16;74;75.00564579100157;93.00564579100157;143;14;16.0;18.0
12;49;75.68841477936391;103.68841477936391;96;12;27.0;28.0
15;76;76.0;105.0;146;16;28.0;29.0
8;76;76.0;98.0;149;12;23.0;22.0
18;76;77.0;80.0;148;18;4.0;3.0
11;78;78.54392899910601;92.54392899910601;151;6;11.0;14.0
18;78;80.0;92.0;150;9;11.0;12.0
6;76;80.52288147025277;103.52288147025277;145;29;19.0;23.0
14;81;81.68888788231757;100.68888788231757;154;25;18.0;19.0
2;81;82.0;86.0;153;1;5.0;4.0
10;85;85.95847690921278;96.95847690921278;163;21;11.0;11.0
2;85;86.0;99.0;168;11;12.0;13.0
7;85;86.93647439517653;97.93647439517653;165;25;11.0;11.0
5;88;88.47485247298545;90.47485247298545;170;27;2.0;2.0
9;85;89.0;102.0;161;0;12.0;13.0
0;83;90.39181817666635;114.39181817666635;156;4;25.0;24.0
5;83;90.47485247298545;96.47485247298545;157;6;7.0;6.0
18;92;92.0;97.0;180;18;4.0;5.0
4;92;92.1314372127874;101.1314372127874;181;11;9.0;9.0
11;91;92.54392899910601;122.54392899910601;178;10;29.0;30.0
16;85;93.00564579100157;107.00564579100157;166;4;16.0;14.0
17;85;94.0;111.0;164;20;18.0;17.0
5;95;96.47485247298545;112.47485247298545;183;14;18.0;16.0
10;91;96.95847690921278;110.95847690921278;177;20;14.0;14.0
18;74;97.0;112.0;144;26;16.0;15.0
7;74;97.93647439517653;108.93647439517653;141;23;10.0;11.0
8;85;98.0;118.0;162;26;20.0;20.0
1;85;98.0;114.0;160;23;16.0;16.0
2;99;99.0;111.0;187;18;15.0;12.0
13;92;99.14587680719008;125.14587680719008;179;9;26.0;26.0
3;89;100.0;115.0;174;23;14.0;15.0
14;67;100.68888788231757;105.68888788231757;128;24;5.0;5.0
4;101;101.1314372127874;106.1314372127874;190;29;4.0;5.0
9;101;102.0;120.0;191;20;16.0;18.0
6;101;103.52288147025277;117.52288147025277;189;12;15.0;14.0
12;85;103.68841477936391;105.68841477936391;167;15;1.0;2.0
15;105;105.0;108.0;197;13;5.0;3.0
12;105;105.68841477936391;110.68841477936391;198;20;7.0;5.0
14;91;105.68888788231757;109.68888788231757;176;24;5.0;4.0
4;67;106.1314372127874;107.1314372127874;130;6;1.0;1.0
16;107;107.00564579100157;128.00564579100157;199;25;20.0;21.0
4;107;107.1314372127874;127.1314372127874;200;23;20.0;20.0
15;85;108.0;123.0;169;3;16.0;15.0
7;95;108.93647439517653;126.93647439517653;182;3;15.0;18.0
14;104;109.68888788231757;121.68888788231757;193;7;11.0;12.0
12;99;110.68841477936391;137.6884147793639;188;11;27.0;27.0
10;89;110.95847690921278;116.95847690921278;175;27;7.0;6.0
17;104;111.0;128.0;194;27;18.0;17.0
2;40;111.0;125.0;67;25;15.0;14.0
18;112;112.0;143.0;201;14;29.0;31.0
5;49;112.47485247298545;118.47485247298545;95;25;5.0;6.0
1;113;114.0;127.0;202;5;14.0;13.0
0;67;114.39181817666635;118.39181817666635;132;13;7.0;4.0
3;115;115.0;136.0;203;4;19.0;21.0
10;76;116.95847690921278;120.95847690921278;147;25;4.0;4.0
6;117;117.52288147025277;122.52288147025277;206;5;5.0;5.0
8;118;118.0;130.0;208;24;12.0;12.0
0;117;118.39181817666635;147.39181817666633;204;25;28.0;28.999999999999986
5;118;118.47485247298545;135.47485247298545;209;29;19.0;17.0
9;119;120.0;124.0;213;23;3.0;4.0
10;119;120.95847690921278;133.95847690921278;212;9;13.0;13.0
14;121;121.68888788231757;144.68888788231757;216;20;23.0;23.0
6;122;122.52288147025277;134.52288147025277;219;0;14.0;12.0
11;119;122.54392899910601;149.54392899910601;211;29;28.0;27.0
15;118;123.0;124.0;210;26;1.0;1.0
15;124;124.0;146.0;222;23;22.0;22.0
9;121;124.0;140.0;214;15;15.0;16.0
2;125;125.0;141.0;227;25;15.0;16.0
13;125;125.14587680719008;153.14587680719006;224;11;29.0;27.999999999999986
7;125;126.93647439517653;154.93647439517653;223;9;29.0;28.0
1;125;127.0;134.0;225;0;7.0;7.0
4;125;127.1314372127874;146.1314372127874;226;5;17.0;19.0
17;128;128.0;144.0;232;27;18.0;16.0
8;129;130.0;144.0;236;27;13.0;14.0
10;129;133.95847690921278;145.95847690921278;237;3;11.0;12.0
1;128;134.0;162.0;229;14;28.0;28.0
6;134;134.52288147025277;139.52288147025277;240;22;8.0;5.0
5;134;135.47485247298545;152.47485247298545;245;22;16.0;17.0
3;134;136.0;151.0;246;20;14.0;15.0
12;134;137.6884147793639;158.6884147793639;244;6;20.0;21.0
6;138;139.52288147025277;158.52288147025277;250;4;18.0;19.0
9;138;140.0;151.0;248;29;11.0;11.0
2;139;141.0;151.0;252;29;12.0;10.0
18;142;143.0;157.0;254;26;16.0;14.0
17;144;144.0;152.0;258;17;9.0;8.0
8;142;144.0;151.0;255;0;6.0;7.0
14;144;144.68888788231757;167.68888788231757;257;22;22.0;23.0
10;145;145.95847690921278;151.95847690921278;261;14;6.0;6.0
15;146;146.0;173.0;262;22;28.0;27.0
4;146;146.1314372127874;161.1314372127874;263;0;14.0;15.0
0;147;147.39181817666633;151.39181817666633;265;12;6.0;4.0
11;147;149.54392899910601;175.54392899910601;264;26;25.0;26.0
8;150;151.0;179.0;269;16;28.0;28.0
9;151;151.0;163.0;273;29;11.0;12.0
2;150;151.0;162.0;271;20;14.0;11.0
3;150;151.0;172.0;270;12;22.0;21.0
0;151;151.39181817666633;176.39181817666633;272;20;29.0;25.0
10;145;151.95847690921278;165.95847690921278;260;20;14.0;14.0
17;138;152.0;160.0;247;23;6.0;8.0
5;138;152.47485247298545;160.47485247298545;251;23;7.0;8.0
19;138;152.6968343042608;165.6968343042608;249;28;13.0;13.0
13;144;153.14587680719006;165.14587680719006;259;23;14.0;12.0
7;143;154.93647439517653;162.93647439517653;256;5;7.0;8.0
18;157;157.0;173.0;275;13;18.0;16.0
6;157;158.52288147025277;177.52288147025277;276;4;18.0;19.0
12;157;158.6884147793639;166.6884147793639;278;20;7.0;8.0
17;157;160.0;186.0;280;28;28.0;26.0
5;124;160.47485247298545;166.47485247298545;221;3;5.0;6.0
4;134;161.1314372127874;177.1314372127874;241;24;16.0;16.0
1;162;162.0;169.0;285;16;7.0;7.0
2;162;162.0;178.0;284;6;18.0;16.0
7;134;162.93647439517653;168.93647439517653;242;16;8.0;6.0
9;159;163.0;174.0;281;16;13.0;11.0
13;164;165.14587680719006;192.14587680719006;286;13;26.0;27.0
19;157;165.6968343042608;172.6968343042608;279;17;7.0;7.0
10;154;165.95847690921278;173.95847690921278;274;11;11.0;8.0
5;141;166.47485247298545;169.47485247298545;253;25;5.0;3.0
12;118;166.6884147793639;173.6884147793639;207;27;6.0;7.0
14;167;167.68888788231757;169.68888788231757;289;13;1.0;2.0
7;168;168.93647439517653;197.93647439517653;294;26;28.0;29.0
1;169;169.0;176.0;298;16;7.0;7.0
5;168;169.47485247298545;172.47485247298545;295;11;1.0;3.0
14;168;169.68888788231757;195.68888788231757;296;21;26.0;26.0
16;171;171.85090998090752;193.85090998090752;300;22;22.0;22.0
3;168;172.0;173.0;292;10;1.0;1.0
5;168;172.47485247298545;202.47485247298545;293;2;29.0;30.0
19;169;172.6968343042608;176.6968343042608;299;24;5.0;4.0
18;167;173.0;178.0;290;11;4.0;5.0
15;132;173.0;196.0;239;7;21.0;23.0
3;128;173.0;180.0;233;13;6.0;7.0
12;149;173.6884147793639;200.6884147793639;266;7;28.0;27.0
10;169;173.95847690921278;188.95847690921278;297;7;13.0;15.0
9;164;174.0;179.0;287;13;4.0;5.0
11;47;175.54392899910601;185.54392899910601;87;1;9.0;10.0
1;176;176.0;192.0;302;20;16.0;16.0
0;176;176.39181817666633;201.39181817666633;303;4;25.0;25.0
19;176;176.6968343042608;196.6968343042608;301;9;24.0;20.0
4;177;177.1314372127874;200.1314372127874;305;12;23.0;23.0
6;88;177.52288147025277;200.52288147025277;171;1;24.0;23.0
18;149;178.0;181.0;268;1;3.0;3.0
2;159;178.0;183.0;282;1;5.0;5.0
8;166;179.0;187.0;288;1;10.0;8.0
9;167;179.0;206.0;291;1;26.0;27.0
3;63;180.0;196.0;118;21;17.0;16.0
18;181;181.0;191.0;306;25;12.0;10.0
2;181;183.0;189.0;307;4;7.0;6.0
11;184;185.54392899910601;187.54392899910601;308;24;2.0;2.0
17;186;186.0;190.0;314;15;7.0;4.0
8;187;187.0;200.0;316;29;15.0;13.0
11;187;187.54392899910601;197.54392899910601;319;0;10.0;10.0
10;187;188.95847690921278;193.95847690921278;318;14;6.0;5.0
2;184;189.0;200.0;309;15;10.0;11.0
17;184;190.0;213.0;311;26;23.0;23.0
18;191;191.0;206.0;320;2;15.0;15.0
1;192;192.0;196.0;322;7;5.0;4.0
13;192;192.14587680719006;199.14587680719006;321;4;9.0;7.0
16;193;193.85090998090752;214.85090998090752;324;13;22.0;21.0
10;193;193.95847690921278;206.95847690921278;323;2;14.0;13.0
14;193;195.68888788231757;224.68888788231757;325;0;29.0;29.0
15;196;196.0;224.0;326;28;28.0;28.0
1;184;196.0;200.0;312;25;4.0;4.0
3;187;196.0;203.0;315;19;8.0;7.0
19;96;196.6968343042608;207.6968343042608;184;21;12.0;11.0
11;197;197.54392899910601;209.54392899910601;332;27;11.0;12.0
7;197;197.93647439517653;201.93647439517653;327;12;8.0;4.0
13;197;199.14587680719006;216.14587680719006;329;28;17.0;17.0
8;199;200.0;215.0;339;29;15.0;15.0
1;199;200.0;216.0;337;23;16.0;16.0
2;198;200.0;202.0;334;12;1.0;2.0
4;197;200.1314372127874;210.1314372127874;333;9;10.0;10.0
6;200;200.52288147025277;217.52288147025277;340;23;16.0;17.0
12;197;200.6884147793639;221.6884147793639;330;5;21.0;21.0
0;198;201.39181817666633;207.39181817666633;335;3;5.0;6.0
7;197;201.93647439517653;206.93647439517653;331;7;6.0;5.0
2;202;202.0;211.0;345;10;9.0;9.0
5;202;202.47485247298545;206.47485247298545;342;10;3.0;4.0
3;202;203.0;204.0;344;0;2.0;1.0
3;204;204.0;214.0;347;28;9.0;10.0
18;204;206.0;224.0;346;13;18.0;18.0
9;205;206.0;219.0;351;20;16.0;13.0
5;202;206.47485247298545;213.47485247298545;343;3;5.0;7.0
7;204;206.93647439517653;213.93647439517653;348;5;7.0;7.0
10;198;206.95847690921278;231.95847690921278;336;13;22.0;25.0
0;207;207.39181817666633;221.39181817666633;353;8;14.0;14.0
19;207;207.6968343042608;208.6968343042608;352;26;1.0;1.0
19;208;208.6968343042608;230.6968343042608;357;6;21.0;22.0
11;208;209.54392899910601;211.54392899910601;360;16;5.0;2.0
4;208;210.1314372127874;226.1314372127874;359;10;16.0;16.0
2;208;211.0;220.0;361;0;8.0;9.0
11;207;211.54392899910601;240.54392899910601;354;10;29.0;29.0
17;207;213.0;217.0;355;22;4.0;4.0
5;211;213.47485247298545;230.47485247298545;363;22;16.0;17.0
7;211;213.93647439517653;225.93647439517653;362;23;10.0;12.0
3;208;214.0;225.0;356;2;10.0;11.0
16;213;214.85090998090752;224.85090998090752;365;24;11.0;10.0
8;208;215.0;220.0;358;6;2.0;5.0
1;214;216.0;221.0;367;25;4.0;5.0
13;212;216.14587680719006;235.14587680719006;364;27;20.0;19.0
17;202;217.0;228.0;341;21;13.0;11.0
6;213;217.52288147025277;228.52288147025277;366;21;11.0;11.0
9;219;219.0;238.0;370;11;18.0;19.0
8;220;220.0;238.0;374;19;19.0;18.0
2;220;220.0;227.0;372;0;8.0;7.0
1;221;221.0;226.0;377;7;5.0;5.0
0;221;221.39181817666633;245.39181817666633;375;4;25.0;24.0
12;221;221.6884147793639;245.6884147793639;378;0;24.0;24.0
18;222;224.0;237.0;381;22;14.0;13.0
15;220;224.0;235.0;373;14;9.0;11.0
16;220;224.85090998090752;251.85090998090752;371;9;28.0;27.0
3;221;225.0;232.0;376;9;5.0;7.0
7;221;225.93647439517653;228.93647439517653;379;2;2.0;3.0
1;226;226.0;246.0;385;27;21.0;20.0
4;226;226.1314372127874;248.1314372127874;383;22;21.0;22.0
2;222;227.0;243.0;382;24;19.0;16.0
17;227;228.0;251.0;389;24;24.0;23.0
6;227;228.52288147025277;255.52288147025277;388;11;27.0;27.0
7;222;228.93647439517653;235.93647439517653;380;7;6.0;7.0
5;229;230.47485247298545;239.47485247298545;391;4;9.0;9.0
19;226;230.6968343042608;243.6968343042608;387;13;11.0;13.0
10;228;231.95847690921278;232.95847690921278;390;19;1.0;1.0
3;232;232.0;235.0;393;0;2.0;3.0
10;232;232.95847690921278;238.95847690921278;394;4;6.0;6.0
15;235;235.0;256.0;401;23;22.0;21.0
3;234;235.0;248.0;400;1;12.0;13.0
13;232;235.14587680719006;239.14587680719006;395;4;9.0;4.0
7;234;235.93647439517653;264.93647439517656;397;14;28.0;29.00000000000003
18;234;237.0;245.0;398;28;6.0;8.0
8;238;238.0;267.0;403;16;28.0;29.0
9;238;238.0;241.0;405;23;3.0;3.0
10;238;238.95847690921278;253.95847690921278;406;20;14.0;15.0
13;239;239.14587680719006;246.14587680719006;413;4;9.0;7.0
5;239;239.47485247298545;259.47485247298545;414;29;19.0;20.0
11;240;240.54392899910601;251.54392899910601;419;25;12.0;11.0
9;241;241.0;268.0;422;1;26.0;27.0
2;240;243.0;257.0;417;18;15.0;14.0
19;240;243.6968343042608;247.6968343042608;420;29;3.0;4.0
18;245;245.0;267.0;426;10;23.0;22.0
0;245;245.39181817666633;261.39181817666633;425;16;17.0;16.0
12;243;245.6884147793639;248.6884147793639;423;9;3.0;3.0
1;246;246.0;264.0;431;23;16.0;18.0
13;245;246.14587680719006;273.14587680719006;427;9;26.0;27.0
19;240;247.6968343042608;249.6968343042608;415;20;4.0;2.0
3;248;248.0;265.0;432;4;19.0;17.0
4;245;248.1314372127874;258.13143721278743;428;9;10.0;10.000000000000028
12;239;248.6884147793639;276.68841477936394;412;12;27.0;28.00000000000003
19;243;249.6968343042608;258.6968343042608;424;12;7.0;9.0
17;251;251.0;258.0;440;15;7.0;7.0
11;251;251.54392899910601;261.543928999106;439;0;10.0;10.0
16;251;251.85090998090752;255.85090998090752;441;10;7.0;4.0
6;253;255.52288147025277;259.52288147025274;443;17;4.0;3.9999999999999716
16;253;255.85090998090752;278.85090998090755;445;12;25.0;23.00000000000003
15;253;256.0;284.0;446;22;28.0;28.0
2;257;257.0;262.0;455;2;7.0;5.0
17;258;258.0;278.0;456;10;24.0;20.0
4;256;258.13143721278743;261.13143721278743;454;29;4.0;3.0
10;256;258.3030996743581;263.3030996743581;453;22;4.0;5.0
19;254;258.6968343042608;280.6968343042608;449;9;24.0;22.0
5;258;259.47485247298545;279.47485247298545;459;9;20.0;20.0
6;234;259.52288147025274;279.52288147025274;396;2;16.0;20.0
4;261;261.13143721278743;276.13143721278743;464;16;15.0;15.0
0;261;261.39181817666633;292.39181817666633;463;20;29.0;31.0
11;248;261.543928999106;284.543928999106;433;2;21.0;23.0
2;262;262.0;281.0;468;6;18.0;19.0
10;261;263.3030996743581;265.3030996743581;466;28;2.0;2.0
1;262;264.0;275.0;467;28;6.0;11.0
7;261;264.93647439517656;265.93647439517656;465;2;2.0;1.0
3;254;265.0;268.0;450;6;3.0;3.0
10;252;265.3030996743581;269.3030996743581;442;24;5.0;4.0
7;258;265.93647439517656;277.93647439517656;457;24;11.0;12.0
18;266;267.0;271.0;474;1;3.0;4.0
8;266;267.0;281.0;480;29;15.0;14.0
9;266;268.0;298.0;481;8;29.0;30.0
3;266;268.0;270.0;478;6;3.0;2.0
14;266;269.0333030668689;270.0333030668689;472;17;1.0;1.0
10;267;269.3030996743581;277.3030996743581;488;27;7.0;8.0
3;267;270.0;279.0;487;8;10.0;9.0
14;267;270.0333030668689;295.0333030668689;482;18;24.0;25.0
18;271;271.0;296.0;490;19;24.0;25.0
1;274;275.0;295.0;498;27;21.0;20.0
4;273;276.13143721278743;303.13143721278743;492;26;29.0;27.0
12;267;276.68841477936394;279.68841477936394;486;9;3.0;3.0
10;266;277.3030996743581;281.3030996743581;476;29;4.0;4.0
7;273;277.93647439517656;283.93647439517656;496;23;10.0;6.0
17;274;278.0;293.0;500;9;13.0;15.0
16;275;278.85090998090755;299.85090998090755;502;23;20.0;21.0
3;273;279.0;289.0;497;28;9.0;10.0
5;232;279.47485247298545;307.47485247298545;392;5;28.0;28.0
6;258;279.52288147025274;299.52288147025274;460;3;22.0;20.0
12;275;279.68841477936394;291.68841477936394;503;3;12.0;12.0
19;238;280.6968343042608;289.6968343042608;402;17;7.0;9.0
8;240;281.0;304.0;421;11;24.0;23.0
2;271;281.0;292.0;489;11;12.0;11.0
10;254;281.3030996743581;294.3030996743581;451;7;13.0;13.0
7;282;283.93647439517656;301.93647439517656;508;1;15.0;18.0
15;282;284.0;304.0;505;18;16.0;20.0
11;282;284.543928999106;303.543928999106;507;9;18.0;19.0
3;285;289.0;303.0;514;23;14.0;14.0
19;285;289.6968343042608;305.6968343042608;512;15;15.0;16.0
12;290;291.68841477936394;294.68841477936394;521;15;1.0;3.0
2;290;292.0;302.0;522;22;11.0;10.0
0;285;292.39181817666633;305.39181817666633;515;10;14.0;13.0
17;293;293.0;321.0;529;25;29.0;28.0
10;293;294.3030996743581;323.3030996743581;527;6;28.0;29.0
12;292;294.68841477936394;309.68841477936394;524;4;16.0;15.0
1;286;295.0;305.0;518;10;10.0;10.0
14;295;295.0333030668689;317.0333030668689;531;22;22.0;22.0
18;296;296.0;305.0;535;6;9.0;9.0
9;295;298.0;301.0;532;10;2.0;3.0
6;299;299.52288147025274;301.52288147025274;536;10;2.0;2.0
16;292;299.85090998090755;315.85090998090755;525;4;16.0;16.0
9;296;301.0;313.0;534;0;12.0;12.0
6;286;301.52288147025274;314.52288147025274;517;14;11.0;13.0
7;290;301.93647439517656;314.93647439517656;520;20;12.0;13.0
2;292;302.0;316.0;526;20;14.0;14.0
3;293;303.0;304.0;530;29;1.0;1.0
4;285;303.13143721278743;323.13143721278743;510;2;20.0;20.0
11;300;303.543928999106;304.543928999106;537;24;2.0;1.0
15;304;304.0;318.0;539;20;13.0;14.0
8;300;304.0;315.0;538;24;12.0;11.0
3;283;304.0;306.0;509;15;2.0;2.0
11;285;304.543928999106;317.543928999106;511;6;11.0;13.0
18;293;305.0;318.0;528;3;14.0;13.0
1;290;305.0;333.0;519;11;25.0;28.0
0;292;305.39181817666633;308.39181817666633;523;7;5.0;3.0
19;239;305.6968343042608;312.6968343042608;407;17;7.0;7.0
3;267;306.0;323.0;485;21;17.0;17.0
5;296;307.47485247298545;311.47485247298545;533;21;3.0;4.0
0;308;308.39181817666633;319.39181817666633;544;18;12.0;11.0
12;308;309.68841477936394;325.68841477936394;543;4;16.0;16.0
5;310;311.47485247298545;319.47485247298545;546;4;9.0;8.0
19;310;312.6968343042608;325.6968343042608;548;21;12.0;13.0
9;313;313.0;336.0;556;14;25.0;23.0
6;312;314.52288147025274;335.52288147025274;554;18;21.0;21.0
7;311;314.93647439517656;333.93647439517656;552;29;17.0;19.0
8;314;315.0;325.0;559;14;10.0;10.0
16;311;315.85090998090755;323.85090998090755;553;28;11.0;8.0
2;316;316.0;323.0;562;21;7.0;7.0
14;316;317.0333030668689;346.0333030668689;563;10;29.0;29.0
11;316;317.543928999106;332.543928999106;568;22;15.0;15.0
18;318;318.0;333.0;571;26;16.0;15.0
0;318;319.39181817666633;332.39181817666633;570;23;11.0;13.0
5;316;319.47485247298545;340.47485247298545;566;29;19.0;21.0
17;316;321.0;347.0;564;28;28.0;26.0
2;310;323.0;326.0;547;2;7.0;3.0
3;308;323.0;340.0;545;24;18.0;17.0
4;312;323.13143721278743;339.13143721278743;555;5;17.0;16.0
10;319;323.3030996743581;334.3030996743581;572;11;11.0;11.0
16;310;323.85090998090755;338.85090998090755;549;16;17.0;15.0
8;324;325.0;326.0;575;5;2.0;1.0
12;324;325.68841477936394;332.68841477936394;577;20;7.0;7.0
19;304;325.6968343042608;339.6968343042608;540;21;12.0;14.0
8;313;326.0;329.0;558;21;3.0;3.0
2;240;326.0;328.0;418;13;3.0;2.0
2;327;328.0;343.0;579;6;18.0;15.0
8;329;329.0;336.0;582;18;9.0;7.0
0;332;332.39181817666633;358.39181817666633;587;19;26.0;26.0
11;332;332.543928999106;352.543928999106;585;2;21.0;20.0
12;331;332.68841477936394;359.68841477936394;583;14;25.0;27.0
18;327;333.0;348.0;580;3;14.0;15.0
1;329;333.0;357.0;581;11;25.0;24.0
7;332;333.93647439517656;347.93647439517656;586;17;16.0;14.0
10;246;334.3030996743581;341.3030996743581;429;27;7.0;7.0
6;250;335.52288147025274;343.52288147025274;437;25;8.0;8.0
8;336;336.0;365.0;589;16;28.0;29.0
9;336;336.0;359.0;588;18;24.0;23.0
16;337;338.85090998090755;362.85090998090755;592;5;24.0;24.0
4;338;339.13143721278743;343.13143721278743;594;29;4.0;4.0
19;338;339.6968343042608;362.6968343042608;595;9;24.0;23.0
3;337;340.0;367.0;591;16;26.0;27.0
5;285;340.47485247298545;346.47485247298545;513;25;5.0;6.0
10;341;341.3030996743581;344.3030996743581;596;10;1.0;3.0
2;342;343.0;359.0;598;26;17.0;16.0
4;253;343.13143721278743;344.13143721278743;444;13;1.0;1.0
6;313;343.52288147025274;349.52288147025274;557;25;8.0;6.0
4;254;344.13143721278743;346.13143721278743;448;13;1.0;2.0
10;248;344.3030996743581;351.3030996743581;434;27;7.0;7.0
14;345;346.0333030668689;358.0333030668689;599;8;15.0;12.0
4;345;346.13143721278743;363.13143721278743;600;28;15.0;17.0
5;280;346.47485247298545;347.47485247298545;504;27;2.0;1.0
17;347;347.0;355.0;603;11;7.0;8.0
5;347;347.47485247298545;354.47485247298545;604;12;5.0;7.0
7;347;347.93647439517656;355.93647439517656;605;5;7.0;8.0
13;347;347.9886698191035;360.9886698191035;606;21;12.0;13.0
18;348;348.0;376.0;607;14;29.0;28.0
6;349;349.52288147025274;376.52288147025274;613;11;27.0;27.0
10;349;351.3030996743581;361.3030996743581;612;21;11.0;10.0
11;352;352.543928999106;365.543928999106;617;0;10.0;13.0
5;352;354.47485247298545;360.47485247298545;615;17;6.0;6.0
17;355;355.0;372.0;620;20;18.0;17.0
7;355;355.93647439517656;378.93647439517656;618;11;23.0;23.0
1;355;357.0;358.0;619;8;1.0;1.0
1;358;358.0;367.0;625;10;10.0;9.0
14;349;358.0333030668689;380.0333030668689;611;22;22.0;22.0
0;357;358.39181817666633;386.39181817666633;623;20;29.0;28.0
9;359;359.0;379.0;630;25;18.0;20.0
2;359;359.0;364.0;627;4;7.0;5.0
12;359;359.68841477936394;375.68841477936394;628;4;16.0;16.0
5;360;360.47485247298545;383.47485247298545;633;15;24.0;23.0
13;358;360.9886698191035;379.9886698191035;626;29;19.0;19.0
10;360;361.3030996743581;365.3030996743581;634;29;4.0;4.0
19;361;362.6968343042608;365.6968343042608;635;29;3.0;3.0
16;361;362.85090998090755;390.85090998090755;637;9;28.0;28.0
4;363;363.13143721278743;383.13143721278743;640;22;21.0;20.0
2;363;364.0;382.0;643;20;14.0;18.0
8;363;365.0;374.0;641;0;6.0;9.0
10;355;365.3030996743581;380.3030996743581;621;23;11.0;15.0
11;365;365.543928999106;366.543928999106;646;12;1.0;1.0
19;363;365.6968343042608;380.6968343042608;639;28;13.0;15.0
11;366;366.543928999106;382.543928999106;647;18;15.0;16.0
1;367;367.0;372.0;658;25;4.0;5.0
3;366;367.0;368.0;654;18;1.0;1.0
3;367;368.0;369.0;656;10;1.0;1.0
3;369;369.0;370.0;671;29;1.0;1.0
3;369;370.0;376.0;662;9;5.0;6.0
17;369;372.0;378.0;670;23;6.0;6.0
1;370;372.0;381.0;674;10;10.0;9.0
8;373;374.0;383.0;678;18;9.0;9.0
12;374;375.68841477936394;400.68841477936394;679;0;24.0;25.0
18;369;376.0;388.0;663;9;11.0;12.0
3;374;376.0;377.0;681;10;1.0;1.0
6;369;376.52288147025274;385.52288147025274;669;28;9.0;9.0
3;377;377.0;386.0;684;8;10.0;9.0
17;373;378.0;402.0;677;1;24.0;24.0
7;369;378.93647439517656;388.93647439517656;667;10;7.0;10.0
9;379;379.0;405.0;686;14;25.0;26.0
13;369;379.9886698191035;382.9886698191035;664;22;4.0;3.0
14;369;380.0333030668689;410.0333030668689;665;0;29.0;30.0
10;357;380.3030996743581;396.3030996743581;622;2;14.0;16.0
19;369;380.6968343042608;382.6968343042608;666;29;3.0;2.0
1;363;381.0;382.0;638;26;1.0;1.0
1;366;382.0;398.0;648;20;16.0;16.0
2;366;382.0;383.0;649;12;1.0;1.0
11;366;382.543928999106;384.543928999106;650;12;1.0;2.0
19;366;382.6968343042608;395.6968343042608;653;28;13.0;13.0
13;367;382.9886698191035;407.9886698191035;655;9;26.0;25.0
8;383;383.0;410.0;687;10;26.0;27.0
2;366;383.0;384.0;651;12;1.0;1.0
4;374;383.13143721278743;396.13143721278743;680;9;10.0;13.0
5;369;383.47485247298545;384.47485247298545;668;28;4.0;1.0
2;371;384.0;399.0;676;5;15.0;15.0
5;366;384.47485247298545;407.47485247298545;652;15;24.0;23.0
11;357;384.543928999106;385.543928999106;624;24;2.0;1.0
6;385;385.52288147025274;387.52288147025274;688;5;5.0;2.0
11;367;385.543928999106;388.543928999106;659;24;2.0;3.0
3;375;386.0;390.0;683;15;2.0;4.0
0;363;386.39181817666633;390.39181817666633;642;3;5.0;4.0
6;369;387.52288147025274;390.52288147025274;660;6;1.0;3.0
18;352;388.0;392.0;616;11;4.0;4.0
11;377;388.543928999106;401.543928999106;685;11;12.0;13.0
7;316;388.93647439517656;399.93647439517656;567;25;11.0;11.0
3;323;390.0;395.0;574;25;3.0;5.0
0;360;390.39181817666633;397.39181817666633;631;13;7.0;7.0
6;365;390.52288147025274;407.52288147025274;645;16;20.0;17.0
16;369;390.85090998090755;408.85090998090755;672;16;17.0;18.0
18;392;392.0;409.0;696;26;16.0;17.0
3;394;395.0;413.0;700;20;14.0;18.0
19;392;395.6968343042608;413.6968343042608;695;4;18.0;18.0
4;391;396.13143721278743;411.13143721278743;690;0;14.0;15.0
10;394;396.3030996743581;410.3030996743581;699;15;14.0;14.0
0;397;397.39181817666633;403.39181817666633;706;7;5.0;6.0
1;397;398.0;428.0;703;14;28.0;30.0
2;399;399.0;407.0;714;16;9.0;8.0
7;399;399.93647439517656;413.93647439517656;711;8;14.0;14.0
12;398;400.68841477936394;431.68841477936394;709;10;29.0;31.0
11;399;401.543928999106;422.543928999106;713;4;20.0;21.0
17;398;402.0;412.0;708;12;11.0;10.0
0;403;403.39181817666633;409.39181817666633;715;11;6.0;6.0
9;405;405.0;426.0;723;3;20.0;21.0
2;404;407.0;411.0;717;1;5.0;4.0
15;404;407.12328000765245;413.12328000765245;720;12;6.0;6.0
5;404;407.47485247298545;415.47485247298545;722;25;5.0;8.0
6;403;407.52288147025274;427.52288147025274;716;4;18.0;20.0
13;404;407.9886698191035;415.9886698191035;719;4;9.0;8.0
16;408;408.85090998090755;431.85090998090755;726;5;24.0;23.0
18;397;409.0;411.0;705;23;6.0;2.0
0;398;409.39181817666633;419.39181817666633;710;23;11.0;10.0
8;410;410.0;424.0;729;25;11.0;14.0
14;410;410.0333030668689;415.0333030668689;730;27;8.0;5.0
10;397;410.3030996743581;433.3030996743581;702;26;24.0;23.0
18;411;411.0;419.0;732;23;6.0;8.0
2;394;411.0;425.0;701;5;15.0;14.0
4;408;411.13143721278743;427.13143721278743;727;5;17.0;16.0
17;412;412.0;417.0;734;22;4.0;5.0
3;413;413.0;414.0;736;28;9.0;1.0
15;410;413.12328000765245;417.12328000765245;728;5;4.0;4.0
19;391;413.6968343042608;427.6968343042608;689;11;15.0;14.0
7;405;413.93647439517656;437.93647439517656;724;11;23.0;24.0
3;398;414.0;421.0;707;13;6.0;7.0
14;415;415.0333030668689;422.0333030668689;738;12;4.0;7.0
5;415;415.47485247298545;443.47485247298545;739;2;29.0;28.0
13;407;415.9886698191035;416.9886698191035;725;17;1.0;1.0
13;416;416.9886698191035;418.9886698191035;740;17;1.0;2.0
17;416;417.0;440.0;742;26;23.0;23.0
15;416;417.12328000765245;431.12328000765245;741;15;19.0;14.0
13;416;418.9886698191035;423.9886698191035;743;6;3.0;5.0
18;370;419.0;429.0;673;16;12.0;10.0
0;412;419.39181817666633;427.39181817666633;733;13;7.0;8.0
3;420;421.0;424.0;744;6;3.0;3.0
14;422;422.0333030668689;423.0333030668689;746;13;1.0;1.0
11;422;422.543928999106;449.543928999106;748;5;28.0;27.0
14;420;423.0333030668689;437.0333030668689;745;6;12.0;14.0
13;422;423.9886698191035;429.9886698191035;747;25;7.0;6.0
8;305;424.0;433.0;542;1;10.0;9.0
3;392;424.0;435.0;697;1;12.0;11.0
2;425;425.0;434.0;751;10;9.0;9.0
9;425;426.0;434.0;750;21;9.0;8.0
4;425;427.13143721278743;454.13143721278743;749;17;29.0;27.0
0;404;427.39181817666633;451.39181817666633;721;1;24.0;24.0
6;427;427.52288147025274;437.52288147025274;752;25;8.0;10.0
19;349;427.6968343042608;441.6968343042608;610;7;14.0;14.0
1;412;428.0;432.0;735;7;5.0;4.0
18;429;429.0;441.0;753;9;11.0;12.0
13;411;429.9886698191035;439.9886698191035;731;19;12.0;10.0
15;430;431.12328000765245;452.12328000765245;755;7;21.0;21.0
12;431;431.68841477936394;455.68841477936394;756;0;24.0;24.0
16;430;431.85090998090755;459.85090998090755;754;11;27.0;28.0
1;432;432.0;440.0;757;15;10.0;8.0
8;432;433.0;461.0;758;16;28.0;28.0
10;404;433.3030996743581;458.3030996743581;718;8;22.0;25.0
9;435;435.0;444.0;759;27;10.0;9.0
2;435;435.0;451.0;760;5;15.0;16.0
3;436;436.0;444.0;763;28;9.0;8.0
6;437;437.52288147025274;462.52288147025274;768;1;24.0;25.0
7;437;437.93647439517656;444.93647439517656;765;12;8.0;7.0
13;438;439.9886698191035;459.9886698191035;770;2;19.0;20.0
17;438;440.0;446.0;771;23;6.0;6.0
1;436;440.0;441.0;762;26;1.0;1.0
18;441;441.0;445.0;776;23;6.0;4.0
1;441;441.0;452.0;778;18;14.0;11.0
19;441;441.6968343042608;447.6968343042608;775;22;9.0;6.0
5;443;443.47485247298545;472.47485247298545;779;5;28.0;29.0
9;443;444.0;456.0;781;0;12.0;12.0
3;444;444.0;449.0;782;13;6.0;5.0
7;441;444.93647439517656;451.93647439517656;774;12;8.0;7.0
18;445;445.0;459.0;789;26;16.0;14.0
17;445;446.0;451.0;790;22;4.0;5.0
19;445;447.6968343042608;456.6968343042608;786;25;15.0;9.0
3;447;449.0;451.0;793;0;2.0;2.0
11;445;449.543928999106;478.543928999106;785;10;29.0;29.0
17;450;451.0;459.0;799;14;8.0;8.0
2;445;451.0;453.0;791;12;1.0;2.0
3;450;451.0;472.0;798;12;22.0;21.0
0;448;451.39181817666633;482.39181817666633;796;20;29.0;31.0
7;436;451.93647439517656;464.93647439517656;764;3;15.0;13.0
1;452;452.0;477.0;801;11;25.0;25.0
15;452;452.12328000765245;463.12328000765245;802;9;5.0;11.0
2;452;453.0;460.0;800;2;7.0;7.0
4;447;454.13143721278743;472.13143721278743;795;3;20.0;18.0
14;437;454.49045359221446;466.49045359221446;769;7;11.0;12.0
12;445;455.68841477936394;458.68841477936394;788;27;6.0;3.0
9;456;456.0;460.0;805;23;3.0;4.0
19;441;456.6968343042608;471.6968343042608;777;7;14.0;15.0
10;457;458.3030996743581;478.3030996743581;808;0;18.0;20.0
12;457;458.68841477936394;478.68841477936394;809;23;19.0;20.0
18;459;459.0;467.0;813;12;7.0;8.0
17;459;459.0;482.0;811;26;23.0;23.0
16;437;459.85090998090755;480.85090998090755;767;25;20.0;21.0
13;452;459.9886698191035;466.9886698191035;803;25;7.0;7.0
9;459;460.0;479.0;815;25;18.0;19.0
2;444;460.0;464.0;784;13;3.0;4.0
8;437;461.0;463.0;766;21;3.0;2.0
6;462;462.52288147025274;469.52288147025274;817;9;8.0;7.0
8;463;463.0;464.0;818;6;2.0;1.0
15;462;463.12328000765245;477.12328000765245;816;10;14.0;14.0
8;464;464.0;480.0;819;23;14.0;16.0
2;445;464.0;468.0;787;13;3.0;4.0
7;457;464.93647439517656;480.93647439517656;810;21;16.0;16.0
14;466;466.49045359221446;485.49045359221446;821;2;20.0;19.0
13;466;466.9886698191035;483.9886698191035;824;28;17.0;17.0
18;466;467.0;479.0;822;25;12.0;12.0
2;468;468.0;480.0;826;22;11.0;12.0
6;469;469.52288147025274;483.52288147025274;827;23;16.0;14.0
19;469;471.6968343042608;481.6968343042608;828;22;9.0;10.0
3;472;472.0;480.0;830;19;8.0;8.0
4;472;472.13143721278743;499.13143721278743;832;26;29.0;27.0
5;472;472.47485247298545;477.47485247298545;831;3;5.0;5.0
1;477;477.0;502.0;839;11;25.0;25.0
15;474;477.12328000765245;484.12328000765245;837;12;6.0;7.0
5;473;477.47485247298545;482.47485247298545;835;10;3.0;5.0
10;477;478.3030996743581;483.3030996743581;840;22;4.0;5.0
11;473;478.543928999106;485.543928999106;833;14;5.0;7.0
12;468;478.68841477936394;484.68841477936394;825;16;4.0;6.0
18;479;479.0;481.0;843;8;2.0;2.0
9;479;479.0;498.0;841;4;20.0;19.0
8;480;480.0;494.0;845;25;11.0;14.0
2;480;480.0;493.0;844;20;14.0;13.0
3;479;480.0;494.0;842;23;14.0;14.0
16;459;480.85090998090755;504.85090998090755;812;13;22.0;24.0
7;459;480.93647439517656;496.93647439517656;814;1;15.0;16.0
18;481;481.0;499.0;846;26;16.0;18.0
19;481;481.6968343042608;494.6968343042608;847;7;14.0;13.0
17;472;482.0;508.0;829;1;24.0;26.0
0;476;482.39181817666633;506.39181817666633;838;1;24.0;24.0
5;440;482.47485247298545;508.47485247298545;772;19;26.0;26.0
10;483;483.3030996743581;490.3030996743581;855;4;6.0;7.0
6;483;483.52288147025274;512.5228814702527;851;11;27.0;29.0
13;483;483.9886698191035;492.9886698191035;856;25;7.0;9.0
15;483;484.12328000765245;488.12328000765245;850;6;4.0;4.0
12;483;484.68841477936394;514.6884147793639;854;11;27.0;30.0
14;485;485.49045359221446;500.49045359221446;857;3;14.0;15.0
11;485;485.543928999106;501.543928999106;858;18;15.0;16.0
15;486;488.12328000765245;497.12328000765245;861;14;9.0;9.0
10;486;490.3030996743581;491.3030996743581;860;10;1.0;1.0
10;491;491.3030996743581;506.3030996743581;868;15;14.0;15.0
13;492;492.9886698191035;496.9886698191035;884;26;4.0;4.0
2;492;493.0;505.0;879;3;13.0;12.0
8;491;494.0;518.0;872;10;26.0;24.0
3;491;494.0;502.0;869;19;8.0;8.0
19;493;494.6968343042608;496.6968343042608;889;29;3.0;2.0
19;495;496.6968343042608;504.6968343042608;894;12;7.0;8.0
7;495;496.93647439517656;525.9364743951766;898;26;28.0;29.0
13;490;496.9886698191035;508.9886698191035;864;10;12.0;12.0
15;485;497.12328000765245;511.12328000765245;859;20;13.0;14.0
9;498;498.0;502.0;902;23;3.0;4.0
18;498;499.0;502.0;904;18;4.0;3.0
4;498;499.13143721278743;524.1314372127874;903;12;23.0;25.0
14;500;500.49045359221446;508.49045359221446;913;27;8.0;8.0
11;501;501.543928999106;507.543928999106;914;14;5.0;6.0
18;499;502.0;525.0;908;10;23.0;23.0
9;490;502.0;513.0;865;29;11.0;11.0
3;492;502.0;504.0;876;29;1.0;2.0
1;492;502.0;519.0;875;20;16.0;17.0
3;503;504.0;506.0;919;18;1.0;2.0
19;490;504.6968343042608;531.6968343042608;862;9;24.0;27.000000000000057
16;492;504.85090998090755;529.8509099809075;883;12;25.0;25.0
2;492;505.0;531.0;878;23;26.0;26.0
3;506;506.0;520.0;928;23;14.0;14.0
10;506;506.3030996743581;511.3030996743581;926;14;6.0;5.0
0;506;506.39181817666633;515.3918181766663;923;29;9.0;9.0
11;506;507.543928999106;531.543928999106;927;19;23.0;24.0
17;508;508.0;533.0;935;10;24.0;25.0
5;507;508.47485247298545;535.4748524729855;929;0;26.0;27.000000000000057
14;506;508.49045359221446;531.4904535922144;924;22;22.0;22.999999999999943
13;508;508.9886698191035;525.9886698191035;934;14;17.0;17.0
15;510;511.12328000765245;516.1232800076525;938;13;5.0;5.000000000000057
10;510;511.3030996743581;521.3030996743581;940;21;11.0;10.0
6;512;512.5228814702527;534.5228814702527;946;24;20.0;22.0
9;509;513.0;524.0;936;27;10.0;11.0
12;507;514.6884147793639;522.6884147793639;930;20;7.0;8.0
0;514;515.3918181766663;518.3918181766663;948;12;6.0;3.0
15;516;516.1232800076525;530.1232800076525;953;18;16.0;14.0
8;516;518.0;545.0;954;10;26.0;27.0
0;516;518.3918181766663;530.3918181766663;952;18;12.0;12.0
3;518;520.0;521.0;955;29;1.0;1.0
3;510;521.0;525.0;944;26;4.0;4.0
10;508;521.3030996743581;525.3030996743581;933;28;2.0;4.0
12;522;522.6884147793639;523.6884147793639;959;15;1.0;1.0
12;522;523.6884147793639;525.6884147793639;961;22;3.0;2.0
9;523;524.0;539.0;964;20;16.0;15.0
4;510;524.1314372127874;543.1314372127874;939;23;20.0;19.0
18;525;525.0;541.0;966;2;15.0;16.0
3;508;525.0;549.0;931;5;26.0;24.0
10;499;525.3030996743581;531.3030996743581;907;24;5.0;6.0
12;521;525.6884147793639;546.6884147793639;958;5;21.0;21.0
7;525;525.9364743951766;537.9364743951766;967;24;11.0;12.0
13;495;525.9886698191035;526.9886698191035;896;6;3.0;1.0
13;526;526.9886698191035;538.9886698191035;969;21;12.0;12.0
16;527;529.8509099809075;546.8509099809075;971;14;16.0;17.0
15;529;530.1232800076525;534.1232800076525;985;13;5.0;4.0
0;527;530.3918181766663;541.3918181766663;983;23;11.0;11.0
2;527;531.0;541.0;982;16;9.0;10.0
10;527;531.3030996743581;532.3030996743581;973;25;4.0;1.0
14;527;531.4904535922144;537.4904535922144;974;14;8.0;6.0
11;530;531.543928999106;532.543928999106;986;20;2.0;1.0
19;527;531.6968343042608;553.6968343042608;984;2;21.0;22.0
10;527;532.3030996743581;557.3030996743581;979;5;26.0;25.0
11;527;532.543928999106;562.543928999106;980;5;28.0;30.0
17;500;533.0;539.0;911;15;7.0;6.0
15;510;534.1232800076525;553.1232800076525;942;15;19.0;19.0
6;503;534.5228814702527;535.5228814702527;917;6;1.0;1.0
5;510;535.4748524729855;543.4748524729855;945;6;7.0;8.0
6;527;535.5228814702527;536.5228814702527;978;6;1.0;1.0
6;500;536.5228814702527;562.5228814702527;912;3;22.0;26.0
14;523;537.4904535922144;553.4904535922144;962;3;14.0;16.0
7;495;537.9364743951766;560.9364743951766;899;11;23.0;23.0
13;527;538.9886698191035;539.9886698191035;977;17;1.0;1.0
17;508;539.0;546.0;932;11;7.0;7.0
9;493;539.0;540.0;888;7;2.0;1.0
13;503;539.9886698191035;545.9886698191035;915;25;7.0;6.0
9;518;540.0;548.0;956;21;9.0;8.0
18;541;541.0;551.0;993;6;9.0;10.0
2;541;541.0;550.0;995;15;10.0;9.0
0;534;541.3918181766663;550.3918181766663;990;21;9.0;9.0
4;543;543.1314372127874;557.1314372127874;999;24;16.0;14.0
5;542;543.4748524729855;555.4748524729855;996;16;12.0;12.0
8;545;545.0;566.0;1001;3;20.0;21.0
13;545;545.9886698191035;572.9886698191035;1002;9;26.0;27.0
17;545;546.0;550.0;1003;6;4.0;4.0
12;493;546.6884147793639;555.6884147793639;891;27;6.0;9.0
16;492;546.8509099809075;569.8509099809075;885;13;22.0;23.0
9;548;548.0;566.0;1010;25;18.0;18.0
3;548;549.0;571.0;1020;12;22.0;22.0
17;548;550.0;579.0;1014;28;28.0;29.0
2;548;550.0;555.0;1013;1;5.0;5.0
0;548;550.3918181766663;554.3918181766663;1024;15;3.0;4.0
18;548;551.0;572.0;1016;4;21.0;21.0
15;552;553.1232800076525;571.1232800076525;1032;3;16.0;18.0
14;553;553.4904535922144;574.4904535922144;1039;9;20.0;21.0
19;553;553.6968343042608;561.6968343042608;1038;12;7.0;8.0
0;548;554.3918181766663;568.3918181766663;1019;10;14.0;14.0
2;555;555.0;576.0;1045;28;21.0;21.0
5;555;555.4748524729855;587.4748524729855;1047;2;29.0;32.0
12;548;555.6884147793639;557.6884147793639;1015;22;3.0;2.0
4;554;557.1314372127874;558.1314372127874;1043;14;4.0;1.0
10;548;557.3030996743581;562.3030996743581;1017;22;4.0;5.0
12;555;557.6884147793639;561.6884147793639;1046;22;3.0;4.0
4;558;558.1314372127874;577.1314372127874;1053;2;20.0;19.0
7;560;560.9364743951766;574.9364743951766;1066;21;16.0;14.0
12;559;561.6884147793639;594.6884147793639;1060;8;29.0;33.0
19;559;561.6968343042608;564.6968343042608;1055;27;3.0;3.0
10;562;562.3030996743581;577.3030996743581;1071;1;16.0;15.0
6;559;562.5228814702527;564.5228814702527;1061;6;1.0;2.0
11;562;562.543928999106;592.543928999106;1072;10;29.0;30.0
6;563;564.5228814702527;583.5228814702527;1074;16;20.0;19.0
19;563;564.6968343042608;568.6968343042608;1073;20;4.0;4.0
9;559;566.0;567.0;1054;6;1.0;1.0
8;561;566.0;586.0;1068;26;20.0;20.0
9;566;567.0;571.0;1076;7;2.0;4.0
0;568;568.3918181766663;593.3918181766663;1081;4;25.0;25.0
19;555;568.6968343042608;578.6968343042608;1048;22;9.0;10.0
16;569;569.8509099809075;596.8509099809075;1086;3;25.0;27.0
9;571;571.0;575.0;1088;7;2.0;4.0
3;571;571.0;598.0;1089;14;26.0;27.0
15;569;571.1232800076525;591.1232800076525;1087;18;16.0;20.0
18;559;572.0;575.0;1062;0;5.0;3.0
13;559;572.9886698191035;591.9886698191035;1059;29;19.0;19.0
1;547;573.9398914840376;588.9398914840376;1004;20;16.0;15.0
14;574;574.4904535922144;575.4904535922144;1096;13;1.0;1.0
7;574;574.9364743951766;587.9364743951766;1098;24;11.0;13.0
18;548;575.0;600.0;1021;20;26.0;25.0
9;548;575.0;588.0;1023;20;16.0;13.0
14;569;575.4904535922144;579.4904535922144;1083;29;2.0;4.0
2;576;576.0;586.0;1102;15;10.0;10.0
4;574;577.1314372127874;582.1314372127874;1095;29;4.0;5.0
10;568;577.3030996743581;593.3030996743581;1079;20;14.0;16.0
19;574;578.6968343042608;581.6968343042608;1097;29;3.0;3.0
17;574;579.0;591.0;1094;9;13.0;12.0
14;549;579.4904535922144;583.4904535922144;1029;12;4.0;4.0
19;581;581.6968343042608;586.6968343042608;1105;20;4.0;5.0
4;561;582.1314372127874;604.1314372127874;1070;12;23.0;22.0
14;583;583.4904535922144;596.4904535922144;1111;26;13.0;13.0
6;548;583.5228814702527;599.5228814702527;1025;23;16.0;16.0
8;586;586.0;602.0;1115;27;13.0;16.0
2;586;586.0;589.0;1118;12;1.0;3.0
19;585;586.6968343042608;613.6968343042608;1114;9;24.0;27.0
5;587;587.4748524729855;615.4748524729855;1119;5;28.0;28.0
7;587;587.9364743951766;607.9364743951766;1121;4;21.0;20.0
9;588;588.0;610.0;1133;18;24.0;22.0
1;587;588.9398914840376;603.9398914840376;1120;20;16.0;15.0
2;587;589.0;615.0;1126;14;25.0;26.0
17;591;591.0;601.0;1135;5;10.0;10.0
15;591;591.1232800076525;620.1232800076525;1136;0;29.0;29.0
13;572;591.9886698191035;608.9886698191035;1091;23;14.0;17.0
11;585;592.543928999106;613.543928999106;1112;23;18.0;21.0
10;593;593.3030996743581;615.3030996743581;1138;8;22.0;22.0
0;593;593.3918181766663;607.3918181766663;1137;2;16.0;14.0
12;594;594.6884147793639;612.6884147793639;1144;4;16.0;18.0
14;559;596.4904535922144;612.4904535922144;1058;28;15.0;16.0
16;560;596.8509099809075;606.8509099809075;1065;28;11.0;10.0
3;568;598.0;607.0;1078;2;10.0;9.0
6;599;599.5228814702527;601.5228814702527;1147;10;2.0;2.0
18;599;600.0;630.0;1146;20;26.0;30.0
17;594;601.0;606.0;1143;23;6.0;5.0
6;574;601.5228814702527;618.5228814702527;1100;2;16.0;17.0
8;581;602.0;605.0;1103;2;5.0;3.0
1;588;603.9398914840376;610.9398914840376;1131;2;8.0;7.0
4;598;604.1314372127874;624.1314372127874;1145;23;20.0;20.0
8;593;605.0;609.0;1141;28;4.0;4.0
17;548;606.0;631.0;1012;24;24.0;25.0
16;587;606.8509099809075;636.8509099809075;1125;6;28.0;30.0
3;549;607.0;616.0;1028;3;9.0;9.0
0;555;607.3918181766663;614.3918181766663;1050;3;5.0;7.0
7;594;607.9364743951766;625.9364743951766;1142;3;15.0;18.0
13;566;608.9886698191035;614.9886698191035;1075;25;7.0;6.0
8;583;609.0;633.0;1108;11;24.0;24.0
9;593;610.0;624.0;1140;16;13.0;14.0
1;583;610.9398914840376;637.9398914840376;1109;11;25.0;27.0
14;499;612.4904535922144;613.4904535922144;909;13;1.0;1.0
12;572;612.6884147793639;637.6884147793639;1093;25;23.0;25.0
14;541;613.4904535922144;614.4904535922144;994;13;1.0;1.0
11;587;613.543928999106;625.543928999106;1123;25;12.0;12.0
19;548;613.6968343042608;626.6968343042608;1018;13;11.0;13.0
0;556;614.3918181766663;622.3918181766663;1051;13;7.0;8.0
14;559;614.4904535922144;627.4904535922144;1057;7;11.0;13.0
10;569;615.3030996743581;628.3030996743581;1085;7;13.0;13.0
3;574;616.0;641.0;1099;7;26.0;25.0
6;552;618.5228814702527;648.5228814702527;1033;27;28.0;30.0
9;552;624.0;634.0;1034;27;10.0;10.0
4;510;624.1314372127874;639.1314372127874;943;1;18.0;15.0
7;538;625.9364743951766;640.9364743951766;992;1;15.0;15.0
19;549;626.6968343042608;630.6968343042608;1031;19;4.0;4.0
14;543;627.4904535922144;635.4904535922144;1000;1;8.0;8.0
10;555;628.3030996743581;629.3030996743581;1049;19;1.0;1.0
10;586;629.3030996743581;631.3030996743581;1116;19;1.0;2.0
